t [s]	 x [feet] 	 y [feet] 	 z [feet]
0.000000	0.531596	54.096510	6.236904
0.000500	0.508328	54.055338	6.320255
0.001000	0.561692	53.963703	6.258786
0.001500	0.534320	53.936501	6.183739
0.002000	0.503371	53.881912	6.243385
0.002500	0.439728	53.882543	6.225389
0.003000	0.463801	53.833372	6.245298
0.003500	0.547855	53.838282	6.209778
0.004000	0.518573	53.741033	6.293762
0.004500	0.487867	53.680016	6.212822
0.005000	0.529577	53.574222	6.236166
0.005500	0.535592	53.507099	6.300546
0.006000	0.465085	53.454160	6.285996
0.006500	0.398268	53.393213	6.269039
0.007000	0.475308	53.383820	6.292894
0.007500	0.428527	53.304631	6.199740
0.008000	0.497534	53.259101	6.216401
0.008500	0.434211	53.257766	6.248625
0.009000	0.522196	53.174335	6.248952
0.009500	0.505096	53.096406	6.205706
0.010000	0.466325	52.990880	6.298588
0.010500	0.430963	52.956689	6.177729
0.011000	0.514176	53.016015	6.261983
0.011500	0.521947	52.869183	6.169813
0.012000	0.382262	52.826607	6.328095
0.012500	0.474754	52.852172	6.196628
0.013000	0.468722	52.744983	6.232863
0.013500	0.397693	52.663057	6.205097
0.014000	0.448051	52.676050	6.256045
0.014500	0.535997	52.589293	6.220060
0.015000	0.489292	52.518309	6.230489
0.015500	0.556013	52.436292	6.247165
0.016000	0.417247	52.385586	6.253506
0.016500	0.541167	52.389862	6.205379
0.017000	0.444622	52.300924	6.249408
0.017500	0.562922	52.215042	6.221076
0.018000	0.499570	52.172844	6.250924
0.018500	0.460580	52.142549	6.270762
0.019000	0.459998	52.143791	6.150889
0.019500	0.500671	52.007664	6.230090
0.020000	0.483223	51.972301	6.222372
0.020500	0.479504	51.916406	6.276280
0.021000	0.530321	51.926842	6.282561
0.021500	0.444053	51.830907	6.248979
0.022000	0.470063	51.734265	6.226778
0.022500	0.584374	51.720150	6.204525
0.023000	0.470382	51.708310	6.163204
0.023500	0.488434	51.600715	6.227866
0.024000	0.486636	51.507037	6.224745
0.024500	0.455669	51.546847	6.245534
0.025000	0.464884	51.468285	6.210536
0.025500	0.542775	51.383970	6.229191
0.026000	0.490856	51.360872	6.125461
0.026500	0.468924	51.321751	6.187154
0.027000	0.450129	51.311946	6.309221
0.027500	0.447622	51.120295	6.182547
0.028000	0.440921	51.200482	6.278999
0.028500	0.478113	51.090899	6.181885
0.029000	0.485630	51.017463	6.223470
0.029500	0.494111	51.007557	6.207840
0.030000	0.450237	50.889806	6.200360
0.030500	0.441897	50.831469	6.094031
0.031000	0.449487	50.843046	6.158653
0.031500	0.421919	50.723392	6.205934
0.032000	0.503670	50.700550	6.160395
0.032500	0.403236	50.622179	6.215615
0.033000	0.433329	50.645821	6.225166
0.033500	0.522495	50.550984	6.217568
0.034000	0.450894	50.503178	6.183601
0.034500	0.477314	50.454740	6.186405
0.035000	0.485370	50.308699	6.196679
0.035500	0.446385	50.323936	6.082718
0.036000	0.454583	50.276126	6.188622
0.036500	0.483449	50.242488	6.199839
0.037000	0.415483	50.173186	6.199920
0.037500	0.483597	50.151308	6.194480
0.038000	0.479854	50.122712	6.149582
0.038500	0.510414	50.031281	6.110276
0.039000	0.475124	50.036738	6.192857
0.039500	0.489275	49.932179	6.136180
0.040000	0.526610	49.878165	6.165765
0.040500	0.417228	49.784126	6.134250
0.041000	0.504734	49.700646	6.136524
0.041500	0.470077	49.714093	6.081458
0.042000	0.457918	49.669739	6.263094
0.042500	0.404243	49.635838	6.190087
0.043000	0.501956	49.501234	6.181424
0.043500	0.441370	49.541391	6.184831
0.044000	0.492010	49.507017	6.213703
0.044500	0.464776	49.384851	6.139681
0.045000	0.559985	49.333386	6.166577
0.045500	0.491409	49.233418	6.154483
0.046000	0.405726	49.219177	6.176665
0.046500	0.452854	49.148048	6.143066
0.047000	0.397953	49.093125	6.165156
0.047500	0.426025	49.080526	6.116975
0.048000	0.453469	49.044778	6.183691
0.048500	0.425041	48.988833	6.156525
0.049000	0.421810	48.885955	6.148134
0.049500	0.374410	48.876002	6.162470
0.050000	0.441934	48.850357	6.088427
0.050500	0.451753	48.693272	6.165427
0.051000	0.448071	48.721355	6.129170
0.051500	0.480162	48.650309	6.155866
0.052000	0.497554	48.493889	6.197848
0.052500	0.347810	48.449933	6.119397
0.053000	0.434378	48.502272	6.080485
0.053500	0.419473	48.447726	6.151924
0.054000	0.450408	48.354873	6.112190
0.054500	0.469170	48.394892	6.113047
0.055000	0.402460	48.241810	6.146723
0.055500	0.444711	48.086447	6.165081
0.056000	0.441937	48.108385	6.114996
0.056500	0.429492	48.099390	6.145281
0.057000	0.444941	48.077892	6.155917
0.057500	0.413071	48.044904	6.054935
0.058000	0.415228	47.923959	6.072599
0.058500	0.436697	47.824458	6.106874
0.059000	0.528444	47.836951	6.065358
0.059500	0.446533	47.723077	6.105099
0.060000	0.469422	47.842087	6.099825
0.060500	0.384105	47.623676	6.141217
0.061000	0.414029	47.611782	6.160767
0.061500	0.445996	47.493378	6.097625
0.062000	0.448202	47.534904	6.105112
0.062500	0.481917	47.417354	6.115441
0.063000	0.429636	47.362983	6.103834
0.063500	0.472183	47.468551	6.129676
0.064000	0.417828	47.290262	6.055768
0.064500	0.450290	47.205062	6.083330
0.065000	0.392299	47.129220	6.122137
0.065500	0.410531	47.075784	6.131482
0.066000	0.473173	47.078534	6.088161
0.066500	0.363891	47.091862	6.135274
0.067000	0.423533	46.976648	6.128320
0.067500	0.395709	47.025888	6.087879
0.068000	0.452437	46.909504	6.116794
0.068500	0.419299	46.786467	6.097810
0.069000	0.393234	46.765433	6.096235
0.069500	0.396668	46.751125	6.082472
0.070000	0.422470	46.596713	6.093123
0.070500	0.461500	46.557924	6.003279
0.071000	0.542578	46.518447	6.082492
0.071500	0.458320	46.551488	6.038206
0.072000	0.507689	46.481897	6.067502
0.072500	0.451265	46.440134	6.109709
0.073000	0.360641	46.396452	6.062992
0.073500	0.420529	46.252684	6.077258
0.074000	0.433815	46.185219	6.117418
0.074500	0.439172	46.208151	6.022914
0.075000	0.449885	46.112861	6.104936
0.075500	0.457370	46.057207	6.035942
0.076000	0.409289	45.968815	6.009412
0.076500	0.371467	45.960242	6.085141
0.077000	0.389121	45.967473	6.086245
0.077500	0.400417	45.891384	6.010026
0.078000	0.469257	45.919144	6.062194
0.078500	0.373494	45.751524	6.045304
0.079000	0.409684	45.663448	6.032032
0.079500	0.479831	45.674981	5.964444
0.080000	0.468809	45.554066	6.041680
0.080500	0.457169	45.585409	6.005670
0.081000	0.408968	45.514791	6.047052
0.081500	0.389598	45.425892	6.020958
0.082000	0.454279	45.469395	5.971808
0.082500	0.373666	45.292795	6.038304
0.083000	0.531311	45.229880	6.091933
0.083500	0.472979	45.182782	6.045467
0.084000	0.409415	45.174900	5.983700
0.084500	0.341936	45.053060	5.983722
0.085000	0.394021	45.107446	5.988411
0.085500	0.445474	44.946585	6.089454
0.086000	0.503668	44.918067	6.014800
0.086500	0.478063	44.845719	6.091335
0.087000	0.371800	44.892832	5.959675
0.087500	0.495643	44.819782	6.017104
0.088000	0.347784	44.798091	6.005286
0.088500	0.462170	44.699260	6.018081
0.089000	0.464488	44.586806	6.007965
0.089500	0.407359	44.531670	6.097154
0.090000	0.471233	44.510074	5.969178
0.090500	0.431654	44.487310	5.921902
0.091000	0.370304	44.445942	6.032162
0.091500	0.381162	44.376285	5.995608
0.092000	0.415413	44.274853	5.934955
0.092500	0.382071	44.181493	6.035826
0.093000	0.369938	44.254442	5.956938
0.093500	0.382166	44.114329	6.068802
0.094000	0.479252	44.127974	5.934723
0.094500	0.416918	44.065051	5.984731
0.095000	0.407957	43.955367	6.023058
0.095500	0.435327	44.015813	5.935195
0.096000	0.467883	43.872008	5.975522
0.096500	0.449293	43.847325	5.896897
0.097000	0.430838	43.834915	6.018320
0.097500	0.404848	43.700824	5.944756
0.098000	0.370186	43.599736	6.007076
0.098500	0.396247	43.611624	5.908924
0.099000	0.418461	43.491317	5.968314
0.099500	0.509054	43.557739	5.956728
0.100000	0.329267	43.501678	5.946308
0.100500	0.457865	43.433004	5.960916
0.101000	0.343296	43.388359	5.937351
0.101500	0.360717	43.259872	5.984336
0.102000	0.429253	43.249775	5.881024
0.102500	0.441227	43.173301	5.964864
0.103000	0.476860	43.202567	5.980078
0.103500	0.463687	43.049226	5.967927
0.104000	0.459566	43.012384	5.943030
0.104500	0.404620	42.967495	5.924352
0.105000	0.427843	42.892245	5.893718
0.105500	0.432460	42.933501	5.958063
0.106000	0.466150	42.907354	6.011522
0.106500	0.419376	42.797211	5.885991
0.107000	0.458955	42.684200	5.900139
0.107500	0.473235	42.762196	5.923873
0.108000	0.344838	42.615750	5.947635
0.108500	0.362331	42.568679	5.877121
0.109000	0.459321	42.591370	5.841799
0.109500	0.442792	42.414990	5.899416
0.110000	0.437282	42.482265	5.854886
0.110500	0.426095	42.271610	5.904251
0.111000	0.441880	42.258433	5.963015
0.111500	0.426890	42.336792	5.945632
0.112000	0.419239	42.113374	5.936097
0.112500	0.399177	42.139063	5.871755
0.113000	0.464670	42.076000	5.882835
0.113500	0.443431	42.042864	5.901441
0.114000	0.448681	41.980944	5.882937
0.114500	0.411538	41.976873	5.906121
0.115000	0.389172	41.826788	5.905732
0.115500	0.427235	41.825290	5.885582
0.116000	0.413027	41.821519	5.825575
0.116500	0.401796	41.779568	5.810880
0.117000	0.491269	41.673162	5.807060
0.117500	0.442875	41.663735	5.849350
0.118000	0.417129	41.537672	5.850091
0.118500	0.424013	41.456560	5.857202
0.119000	0.385899	41.517396	5.753631
0.119500	0.330941	41.383649	5.896195
0.120000	0.442826	41.435185	5.912306
0.120500	0.434219	41.248899	5.821179
0.121000	0.402974	41.323860	5.934064
0.121500	0.384301	41.079272	5.871473
0.122000	0.488246	41.055075	5.820096
0.122500	0.365172	41.075268	5.771899
0.123000	0.428285	41.037590	5.833537
0.123500	0.434967	41.007762	5.816877
0.124000	0.387550	40.972896	5.794186
0.124500	0.389715	40.872309	5.783863
0.125000	0.396295	40.845935	5.829467
0.125500	0.515387	40.789271	5.758655
0.126000	0.464375	40.750905	5.786505
0.126500	0.489716	40.644983	5.841085
0.127000	0.419161	40.565745	5.827367
0.127500	0.458723	40.520588	5.864160
0.128000	0.435825	40.602543	5.837026
0.128500	0.428687	40.480401	5.789889
0.129000	0.431183	40.451320	5.784081
0.129500	0.406209	40.333333	5.791699
0.130000	0.453912	40.300128	5.825514
0.130500	0.473529	40.222364	5.835845
0.131000	0.395340	40.246898	5.761515
0.131500	0.422240	40.147841	5.784721
0.132000	0.362199	40.085391	5.806268
0.132500	0.408786	40.047344	5.720226
0.133000	0.343146	39.958130	5.821434
0.133500	0.406798	39.891535	5.769004
0.134000	0.425298	39.921502	5.728010
0.134500	0.376061	39.843196	5.767718
0.135000	0.365635	39.773008	5.849036
0.135500	0.445131	39.685855	5.764863
0.136000	0.391300	39.660818	5.768743
0.136500	0.381614	39.636736	5.821487
0.137000	0.388297	39.621027	5.706018
0.137500	0.454275	39.432155	5.759088
0.138000	0.441087	39.502920	5.693307
0.138500	0.349757	39.348914	5.680670
0.139000	0.421447	39.342758	5.772268
0.139500	0.371467	39.318084	5.806990
0.140000	0.348995	39.228231	5.782262
0.140500	0.426975	39.211814	5.755606
0.141000	0.376154	39.053080	5.789419
0.141500	0.357941	39.122737	5.718178
0.142000	0.329167	39.060419	5.718651
0.142500	0.387463	38.996545	5.739404
0.143000	0.433110	38.905623	5.711139
0.143500	0.400721	38.889016	5.658326
0.144000	0.339328	38.790655	5.678465
0.144500	0.420846	38.865787	5.668547
0.145000	0.508663	38.708178	5.709630
0.145500	0.440671	38.693366	5.772023
0.146000	0.386043	38.601610	5.695475
0.146500	0.424892	38.588068	5.734738
0.147000	0.452553	38.415552	5.684397
0.147500	0.385045	38.399513	5.625663
0.148000	0.375583	38.446990	5.713884
0.148500	0.399252	38.387414	5.672785
0.149000	0.379479	38.302029	5.687742
0.149500	0.379293	38.278470	5.608749
0.150000	0.393145	38.149924	5.660844
0.150500	0.352711	38.188935	5.761403
0.151000	0.424784	38.057188	5.634816
0.151500	0.344720	38.072114	5.658801
0.152000	0.372203	37.976326	5.680763
0.152500	0.415412	37.956014	5.690955
0.153000	0.373607	37.821084	5.611150
0.153500	0.358482	37.741577	5.618500
0.154000	0.393805	37.763562	5.642631
0.154500	0.423394	37.691675	5.707408
0.155000	0.419866	37.664148	5.622238
0.155500	0.367670	37.646119	5.629327
0.156000	0.369370	37.585260	5.548342
0.156500	0.420437	37.523575	5.644699
0.157000	0.404720	37.451142	5.669631
0.157500	0.426039	37.441866	5.658756
0.158000	0.465554	37.369938	5.552607
0.158500	0.389511	37.344292	5.641358
0.159000	0.396190	37.317285	5.679639
0.159500	0.381633	37.202468	5.645024
0.160000	0.371361	37.120458	5.632501
0.160500	0.345152	37.106799	5.586411
0.161000	0.357617	37.052478	5.569690
0.161500	0.341774	36.901158	5.604283
0.162000	0.412313	36.981998	5.531416
0.162500	0.428640	36.822624	5.582973
0.163000	0.380612	36.820703	5.598011
0.163500	0.465566	36.834806	5.605084
0.164000	0.366713	36.714473	5.548528
0.164500	0.392357	36.716763	5.573041
0.165000	0.440997	36.681680	5.622878
0.165500	0.447474	36.542885	5.607824
0.166000	0.446844	36.498030	5.533845
0.166500	0.464907	36.447654	5.471774
0.167000	0.508246	36.323348	5.618511
0.167500	0.351263	36.344351	5.667032
0.168000	0.388247	36.281667	5.588287
0.168500	0.323563	36.248358	5.560199
0.169000	0.454282	36.220532	5.552301
0.169500	0.305366	36.131981	5.488308
0.170000	0.380135	36.085884	5.572314
0.170500	0.382228	36.014623	5.576577
0.171000	0.377351	35.971200	5.515926
0.171500	0.426074	35.878004	5.604784
0.172000	0.424014	35.935353	5.557543
0.172500	0.381759	35.785200	5.514540
0.173000	0.394129	35.746233	5.478687
0.173500	0.519099	35.703128	5.460696
0.174000	0.379457	35.678053	5.506884
0.174500	0.348124	35.572008	5.544691
0.175000	0.370737	35.574950	5.559945
0.175500	0.454983	35.455144	5.514131
0.176000	0.466212	35.402726	5.551920
0.176500	0.375624	35.388917	5.479550
0.177000	0.420118	35.426260	5.479015
0.177500	0.383265	35.310281	5.537323
0.178000	0.357165	35.226477	5.512042
0.178500	0.413865	35.203247	5.537400
0.179000	0.435156	35.161035	5.461228
0.179500	0.353894	35.082677	5.488962
0.180000	0.393363	34.993039	5.473623
0.180500	0.423137	34.980614	5.429769
0.181000	0.391861	34.893194	5.495380
0.181500	0.388279	34.939292	5.383354
0.182000	0.363044	34.869074	5.461846
0.182500	0.345211	34.835841	5.462060
0.183000	0.441857	34.701628	5.565684
0.183500	0.294073	34.718813	5.462726
0.184000	0.343704	34.602029	5.453637
0.184500	0.366083	34.562875	5.482417
0.185000	0.437820	34.530004	5.466425
0.185500	0.405419	34.430136	5.434591
0.186000	0.433426	34.443269	5.474083
0.186500	0.357785	34.351569	5.342237
0.187000	0.410243	34.386487	5.413890
0.187500	0.356538	34.305437	5.397356
0.188000	0.375295	34.210132	5.461587
0.188500	0.344642	34.120613	5.443771
0.189000	0.407288	34.102643	5.376412
0.189500	0.325628	34.079319	5.329699
0.190000	0.402452	34.080724	5.378248
0.190500	0.459293	33.977079	5.396798
0.191000	0.385635	33.916811	5.445914
0.191500	0.397382	33.836924	5.415630
0.192000	0.336046	33.775102	5.436997
0.192500	0.372597	33.756913	5.411473
0.193000	0.384745	33.669238	5.400741
0.193500	0.399298	33.615441	5.360026
0.194000	0.390389	33.602661	5.449948
0.194500	0.382365	33.576969	5.424097
0.195000	0.428459	33.379700	5.439376
0.195500	0.431276	33.378370	5.397758
0.196000	0.421444	33.429522	5.395166
0.196500	0.421336	33.374260	5.336613
0.197000	0.302321	33.233226	5.329445
0.197500	0.248173	33.219375	5.273982
0.198000	0.360718	33.124313	5.295805
0.198500	0.374713	33.097935	5.363178
0.199000	0.368510	33.048978	5.387515
0.199500	0.346199	33.051032	5.347982
0.200000	0.422281	32.904511	5.280558
0.200500	0.400428	32.880300	5.412008
0.201000	0.370490	32.808336	5.254372
0.201500	0.477830	32.734230	5.243599
0.202000	0.499836	32.748939	5.337283
0.202500	0.396543	32.727747	5.196677
0.203000	0.397547	32.631431	5.256686
0.203500	0.354832	32.541853	5.289106
0.204000	0.396673	32.479183	5.309626
0.204500	0.361427	32.449327	5.292495
0.205000	0.403083	32.423069	5.196868
0.205500	0.443898	32.432961	5.317920
0.206000	0.304197	32.274553	5.274866
0.206500	0.434103	32.323321	5.252713
0.207000	0.405069	32.208303	5.317686
0.207500	0.420635	32.201544	5.270306
0.208000	0.418675	32.078711	5.186215
0.208500	0.482963	32.138673	5.185467
0.209000	0.369388	31.985008	5.288854
0.209500	0.358801	31.930585	5.358311
0.210000	0.411868	31.846898	5.306916
0.210500	0.387081	31.855332	5.218320
0.211000	0.406947	31.835124	5.241503
0.211500	0.387745	31.756241	5.236410
0.212000	0.431272	31.634276	5.228016
0.212500	0.411139	31.674423	5.231192
0.213000	0.391597	31.594803	5.233880
0.213500	0.429241	31.599050	5.253876
0.214000	0.410065	31.481826	5.264892
0.214500	0.403298	31.443456	5.267579
0.215000	0.391681	31.391161	5.201994
0.215500	0.376283	31.318965	5.119586
0.216000	0.344237	31.237406	5.294301
0.216500	0.459686	31.188493	5.219247
0.217000	0.441919	31.148309	5.149290
0.217500	0.438976	31.192094	5.161223
0.218000	0.335041	31.111469	5.263501
0.218500	0.447647	31.016821	5.130276
0.219000	0.394525	30.976937	5.137403
0.219500	0.357750	30.931651	5.250259
0.220000	0.395017	30.892156	5.175800
0.220500	0.398989	30.783303	5.161295
0.221000	0.359650	30.775680	5.169057
0.221500	0.446832	30.693337	5.201900
0.222000	0.412831	30.654400	5.132083
0.222500	0.396165	30.535811	5.148998
0.223000	0.398892	30.540908	5.182971
0.223500	0.417282	30.501217	5.129778
0.224000	0.433120	30.422827	5.095519
0.224500	0.427771	30.316659	5.132694
0.225000	0.413125	30.346356	5.115678
0.225500	0.392583	30.296277	5.094868
0.226000	0.396795	30.120772	5.081288
0.226500	0.440009	30.224642	5.036774
0.227000	0.436042	30.111642	5.047997
0.227500	0.373814	30.065134	5.091620
0.228000	0.328559	30.052350	5.091223
0.228500	0.432567	30.015434	5.129404
0.229000	0.423505	29.842055	5.076404
0.229500	0.416404	29.922433	5.037581
0.230000	0.406837	29.793639	5.051153
0.230500	0.492477	29.771265	5.151404
0.231000	0.406781	29.702555	5.115770
0.231500	0.442086	29.703055	5.011603
0.232000	0.349755	29.558983	5.054878
0.232500	0.344129	29.580753	5.036194
0.233000	0.454995	29.467218	5.029220
0.233500	0.382709	29.398416	5.046340
0.234000	0.349155	29.417857	5.079744
0.234500	0.349807	29.329771	4.968368
0.235000	0.408031	29.389518	5.001672
0.235500	0.409659	29.300571	5.000127
0.236000	0.363168	29.184988	5.041524
0.236500	0.382843	29.138886	5.057978
0.237000	0.403332	29.105958	5.006826
0.237500	0.392364	29.029395	5.066794
0.238000	0.404766	28.903666	5.035313
0.238500	0.377714	28.931016	5.032253
0.239000	0.468089	28.848570	5.081457
0.239500	0.350938	28.734053	4.909478
0.240000	0.414250	28.776327	4.953214
0.240500	0.395233	28.766555	4.968057
0.241000	0.350245	28.716941	5.018214
0.241500	0.481040	28.672162	4.968964
0.242000	0.395660	28.583168	4.979060
0.242500	0.364889	28.526993	4.902970
0.243000	0.474503	28.444936	4.950335
0.243500	0.341978	28.433152	4.927790
0.244000	0.379229	28.398031	4.955011
0.244500	0.349063	28.265219	4.929854
0.245000	0.364835	28.240389	4.957525
0.245500	0.357487	28.190773	4.895496
0.246000	0.388886	28.126737	4.931945
0.246500	0.378259	28.103144	4.866631
0.247000	0.391911	28.081460	4.914193
0.247500	0.404364	28.063787	4.962055
0.248000	0.441405	27.904198	4.910787
0.248500	0.399480	27.875088	4.890039
0.249000	0.364511	27.871402	4.861030
0.249500	0.465453	27.778331	4.853639
0.250000	0.339843	27.751368	4.855264
0.250500	0.405776	27.693802	4.834170
0.251000	0.394618	27.590365	4.878871
0.251500	0.422461	27.542137	4.947972
0.252000	0.372263	27.534587	4.862610
0.252500	0.408430	27.475504	4.897100
0.253000	0.382834	27.440982	4.895482
0.253500	0.386095	27.313711	4.781444
0.254000	0.345625	27.302074	4.802777
0.254500	0.415450	27.292563	4.820021
0.255000	0.368114	27.254050	4.792286
0.255500	0.374361	27.174304	4.880360
0.256000	0.434784	27.138903	4.765196
0.256500	0.431647	27.093865	4.890025
0.257000	0.415675	27.080960	4.708296
0.257500	0.365756	26.985972	4.781795
0.258000	0.477788	26.932174	4.824651
0.258500	0.397744	26.871789	4.778092
0.259000	0.437317	26.750472	4.764664
0.259500	0.450050	26.792064	4.768155
0.260000	0.392723	26.693121	4.831210
0.260500	0.411796	26.721192	4.766713
0.261000	0.389345	26.618840	4.809969
0.261500	0.378606	26.467031	4.716977
0.262000	0.399627	26.438291	4.760331
0.262500	0.475867	26.495817	4.720735
0.263000	0.397975	26.372108	4.803142
0.263500	0.372690	26.323399	4.706881
0.264000	0.445994	26.264504	4.734957
0.264500	0.380316	26.274645	4.697092
0.265000	0.400949	26.149426	4.729961
0.265500	0.414789	26.094189	4.780762
0.266000	0.438256	26.153218	4.668487
0.266500	0.404476	26.003358	4.701979
0.267000	0.417907	26.019640	4.661221
0.267500	0.412430	25.981628	4.669390
0.268000	0.439747	25.849760	4.670172
0.268500	0.405528	25.863084	4.616619
0.269000	0.369178	25.797653	4.693531
0.269500	0.403298	25.721689	4.692427
0.270000	0.395681	25.688573	4.681112
0.270500	0.447741	25.638658	4.642909
0.271000	0.374892	25.599935	4.682881
0.271500	0.427020	25.559288	4.581532
0.272000	0.466593	25.454278	4.629736
0.272500	0.474566	25.402436	4.627991
0.273000	0.372719	25.332476	4.675052
0.273500	0.417509	25.269966	4.686957
0.274000	0.362814	25.254922	4.617701
0.274500	0.346156	25.211316	4.656923
0.275000	0.356868	25.056194	4.621277
0.275500	0.402931	25.153916	4.659988
0.276000	0.366928	25.056513	4.596459
0.276500	0.417117	24.946280	4.637341
0.277000	0.353972	24.935367	4.677344
0.277500	0.523181	24.900886	4.594083
0.278000	0.383858	24.869744	4.682560
0.278500	0.398411	24.853472	4.636593
0.279000	0.389253	24.721498	4.648399
0.279500	0.392901	24.702565	4.610414
0.280000	0.462673	24.578515	4.509454
0.280500	0.395119	24.512843	4.544355
0.281000	0.452557	24.523440	4.670690
0.281500	0.339725	24.461786	4.504725
0.282000	0.369737	24.419919	4.572229
0.282500	0.419698	24.466471	4.580310
0.283000	0.352942	24.345316	4.484378
0.283500	0.446216	24.308007	4.567341
0.284000	0.446192	24.199871	4.528291
0.284500	0.409740	24.184248	4.485364
0.285000	0.427016	24.145148	4.514512
0.285500	0.430313	24.027459	4.495422
0.286000	0.392780	23.999709	4.499661
0.286500	0.447154	23.904346	4.453666
0.287000	0.374627	23.942257	4.511038
0.287500	0.423476	23.889752	4.557246
0.288000	0.412596	23.800595	4.539951
0.288500	0.401849	23.695367	4.548468
0.289000	0.351932	23.656394	4.399137
0.289500	0.423176	23.622765	4.477986
0.290000	0.444286	23.614109	4.468079
0.290500	0.400351	23.498537	4.490281
0.291000	0.443402	23.494592	4.395759
0.291500	0.481683	23.481732	4.344228
0.292000	0.397268	23.282043	4.425765
0.292500	0.387621	23.245212	4.468438
0.293000	0.447354	23.345371	4.509697
0.293500	0.447242	23.300330	4.418392
0.294000	0.406052	23.197568	4.441404
0.294500	0.398125	23.139156	4.397266
0.295000	0.374899	23.038791	4.317543
0.295500	0.452683	22.968552	4.400772
0.296000	0.405383	22.988004	4.461800
0.296500	0.397923	22.962144	4.346787
0.297000	0.470442	22.856368	4.357013
0.297500	0.414199	22.839447	4.378206
0.298000	0.350480	22.760521	4.351860
0.298500	0.400232	22.777252	4.317098
0.299000	0.387995	22.663574	4.396236
0.299500	0.481801	22.620696	4.276107
0.300000	0.357182	22.582203	4.320651
0.300500	0.344777	22.550668	4.249976
0.301000	0.385390	22.587309	4.338366
0.301500	0.435678	22.358634	4.288640
0.302000	0.313426	22.382188	4.344928
0.302500	0.456695	22.325079	4.322694
0.303000	0.468375	22.177251	4.306725
0.303500	0.463183	22.217119	4.253838
0.304000	0.453013	22.108123	4.331204
0.304500	0.512865	22.043397	4.217542
0.305000	0.387758	22.023180	4.301192
0.305500	0.430294	22.071680	4.287851
0.306000	0.441555	21.952056	4.277354
0.306500	0.421237	21.977221	4.250175
0.307000	0.377512	21.872730	4.272669
0.307500	0.406323	21.802772	4.266664
0.308000	0.446317	21.709987	4.248194
0.308500	0.417822	21.766464	4.213174
0.309000	0.448063	21.592102	4.156680
0.309500	0.405245	21.569366	4.220005
0.310000	0.360430	21.550489	4.193812
0.310500	0.468910	21.479714	4.238370
0.311000	0.457025	21.348053	4.296221
0.311500	0.487531	21.355446	4.237433
0.312000	0.368368	21.341447	4.183033
0.312500	0.371227	21.265749	4.194821
0.313000	0.412129	21.145213	4.177121
0.313500	0.442769	21.205169	4.187276
0.314000	0.398095	21.091702	4.167639
0.314500	0.464587	21.150063	4.146161
0.315000	0.394879	20.982245	4.128418
0.315500	0.347052	20.996731	4.073129
0.316000	0.487099	20.859614	4.118634
0.316500	0.465411	20.791306	4.054129
0.317000	0.409274	20.819956	4.125186
0.317500	0.462518	20.800999	4.078803
0.318000	0.470414	20.729546	4.108777
0.318500	0.393233	20.713734	4.051740
0.319000	0.434867	20.638592	4.130941
0.319500	0.444634	20.541457	4.119951
0.320000	0.451828	20.531363	4.018417
0.320500	0.378353	20.462932	4.046469
0.321000	0.432779	20.364561	4.073656
0.321500	0.444602	20.339575	4.099269
0.322000	0.455307	20.340769	4.034077
0.322500	0.475905	20.179253	4.040854
0.323000	0.439733	20.158630	3.991140
0.323500	0.427906	20.238434	3.997832
0.324000	0.394713	20.117323	4.033842
0.324500	0.428641	19.994823	3.990204
0.325000	0.520414	19.971248	4.044729
0.325500	0.452837	19.882376	3.994293
0.326000	0.498373	19.873060	3.999565
0.326500	0.499531	19.804565	3.966342
0.327000	0.433624	19.735786	3.995079
0.327500	0.413935	19.748863	3.964072
0.328000	0.400782	19.701079	3.937232
0.328500	0.371001	19.616855	3.912761
0.329000	0.468519	19.587714	3.939430
0.329500	0.415035	19.431965	3.910074
0.330000	0.424856	19.484778	3.918092
0.330500	0.422194	19.333176	4.042769
0.331000	0.488409	19.448384	3.872118
0.331500	0.432304	19.275398	3.873138
0.332000	0.446623	19.288695	3.921465
0.332500	0.463118	19.216259	3.915611
0.333000	0.479294	19.202190	3.947939
0.333500	0.376407	19.123445	3.893372
0.334000	0.370657	19.065329	3.902954
0.334500	0.483462	18.974248	3.903984
0.335000	0.423740	18.970872	3.888314
0.335500	0.445925	18.880313	3.862156
0.336000	0.507988	18.857320	3.856360
0.336500	0.508635	18.877575	3.871119
0.337000	0.417105	18.779884	3.868801
0.337500	0.481113	18.700202	3.875826
0.338000	0.437011	18.707200	3.866870
0.338500	0.467244	18.678871	3.930830
0.339000	0.420906	18.637758	3.842708
0.339500	0.477841	18.513472	3.769724
0.340000	0.437140	18.448881	3.782255
0.340500	0.399204	18.396772	3.829840
0.341000	0.482898	18.296921	3.851691
0.341500	0.482653	18.390521	3.813428
0.342000	0.478594	18.213898	3.824647
0.342500	0.368514	18.211224	3.824736
0.343000	0.483011	18.144631	3.765394
0.343500	0.545678	18.123895	3.764919
0.344000	0.453237	18.028511	3.797414
0.344500	0.447297	17.960009	3.703995
0.345000	0.499425	17.958003	3.765363
0.345500	0.443976	17.914975	3.753939
0.346000	0.452220	17.819067	3.766006
0.346500	0.530568	17.724465	3.684207
0.347000	0.443666	17.691790	3.740078
0.347500	0.526261	17.677608	3.709550
0.348000	0.453840	17.633162	3.672546
0.348500	0.462595	17.614970	3.684746
0.349000	0.439601	17.573078	3.698698
0.349500	0.426844	17.509147	3.696999
0.350000	0.476760	17.474093	3.664986
0.350500	0.386250	17.326561	3.611248
0.351000	0.502324	17.288976	3.620269
0.351500	0.456410	17.368004	3.662905
0.352000	0.471545	17.211494	3.571903
0.352500	0.460042	17.210906	3.627029
0.353000	0.433684	17.119906	3.628900
0.353500	0.477798	17.111556	3.561330
0.354000	0.462857	16.969164	3.559843
0.354500	0.429459	16.970291	3.580610
0.355000	0.517932	16.879620	3.631400
0.355500	0.468092	16.872857	3.607689
0.356000	0.488358	16.811380	3.583575
0.356500	0.413914	16.764928	3.555679
0.357000	0.494816	16.680196	3.504723
0.357500	0.504776	16.632200	3.526487
0.358000	0.504696	16.552583	3.476437
0.358500	0.481814	16.548900	3.561752
0.359000	0.399733	16.497894	3.590441
0.359500	0.424300	16.464879	3.565873
0.360000	0.391656	16.404947	3.574145
0.360500	0.515350	16.415464	3.542654
0.361000	0.529324	16.310127	3.546441
0.361500	0.435349	16.213877	3.558448
0.362000	0.493481	16.161682	3.495218
0.362500	0.486952	16.098619	3.458065
0.363000	0.465856	16.092354	3.539873
0.363500	0.433949	16.047318	3.403117
0.364000	0.446211	15.933752	3.442923
0.364500	0.431656	16.007554	3.471955
0.365000	0.432054	15.926948	3.471901
0.365500	0.455878	15.883165	3.400083
0.366000	0.435139	15.768279	3.495475
0.366500	0.384207	15.672712	3.398775
0.367000	0.497488	15.713430	3.345859
0.367500	0.409058	15.578122	3.355572
0.368000	0.437540	15.549955	3.445057
0.368500	0.505616	15.582020	3.438064
0.369000	0.526454	15.529516	3.442658
0.369500	0.630382	15.430980	3.384354
0.370000	0.439125	15.440086	3.353154
0.370500	0.432349	15.378629	3.358302
0.371000	0.421279	15.236189	3.324855
0.371500	0.553447	15.161567	3.354016
0.372000	0.468514	15.175636	3.330693
0.372500	0.500787	15.081480	3.312177
0.373000	0.529180	15.066741	3.359929
0.373500	0.502497	15.071700	3.245127
0.374000	0.387924	14.962180	3.362953
0.374500	0.448594	14.923321	3.303350
0.375000	0.442327	14.868099	3.344539
0.375500	0.462791	14.827020	3.284897
0.376000	0.421305	14.720314	3.316812
0.376500	0.483459	14.701961	3.212679
0.377000	0.376683	14.651642	3.214323
0.377500	0.439193	14.603730	3.325957
0.378000	0.537423	14.543975	3.274549
0.378500	0.457352	14.468839	3.279369
0.379000	0.438026	14.451810	3.235723
0.379500	0.513848	14.362577	3.260440
0.380000	0.514474	14.314905	3.272440
0.380500	0.469804	14.266173	3.218713
0.381000	0.411785	14.208619	3.213295
0.381500	0.474497	14.205027	3.258056
0.382000	0.492885	14.158354	3.162326
0.382500	0.523877	14.074911	3.170554
0.383000	0.460269	14.046745	3.099049
0.383500	0.448778	14.021329	3.262204
0.384000	0.525971	13.910948	3.135385
0.384500	0.490333	13.923400	3.092395
0.385000	0.448082	13.846752	3.123500
0.385500	0.464921	13.762368	3.074798
0.386000	0.519323	13.711479	3.034155
0.386500	0.539637	13.658384	3.139909
0.387000	0.505524	13.637810	3.084069
0.387500	0.513970	13.549414	3.005629
0.388000	0.486563	13.531809	3.049292
0.388500	0.583157	13.461683	3.121472
0.389000	0.465533	13.448113	3.059538
0.389500	0.535748	13.365747	3.050256
0.390000	0.485040	13.283572	3.049084
0.390500	0.452519	13.268188	3.066782
0.391000	0.500302	13.200575	3.067324
0.391500	0.427346	13.198162	3.018798
0.392000	0.510980	13.162968	3.002104
0.392500	0.552946	12.983250	3.011063
0.393000	0.519084	12.984650	3.020127
0.393500	0.494236	12.997244	2.991403
0.394000	0.573763	12.932653	2.978006
0.394500	0.515760	12.787858	2.966174
0.395000	0.513194	12.824121	2.955518
0.395500	0.502005	12.725100	3.016168
0.396000	0.523899	12.779614	2.909244
0.396500	0.445960	12.707021	2.933650
0.397000	0.482163	12.599376	2.955204
0.397500	0.456206	12.539611	2.936946
0.398000	0.509129	12.561152	2.918511
0.398500	0.477857	12.422728	2.948425
0.399000	0.508350	12.402903	2.875945
0.399500	0.522856	12.376565	2.866422
0.400000	0.388339	12.299590	2.966023
0.400500	0.492540	12.283744	2.819346
0.401000	0.481178	12.248479	2.876995
0.401500	0.509849	12.136149	2.865884
0.402000	0.469190	12.100658	2.878750
0.402500	0.461650	11.977910	2.841474
0.403000	0.536745	12.008144	2.906506
0.403500	0.462660	11.931418	2.823780
0.404000	0.468165	11.866720	2.888691
0.404500	0.554624	11.919337	2.865734
0.405000	0.471247	11.829851	2.754651
0.405500	0.485277	11.720459	2.795768
0.406000	0.656440	11.762606	2.886245
0.406500	0.509266	11.644096	2.798715
0.407000	0.415638	11.567866	2.816046
0.407500	0.504028	11.509931	2.777290
0.408000	0.473047	11.447071	2.752886
0.408500	0.563099	11.464234	2.865054
0.409000	0.553428	11.341968	2.750255
0.409500	0.537809	11.346734	2.699753
0.410000	0.508515	11.257907	2.819737
0.410500	0.482819	11.386542	2.738598
0.411000	0.493782	11.142755	2.643032
0.411500	0.496460	11.198244	2.675201
0.412000	0.522791	11.123851	2.675027
0.412500	0.527982	11.046210	2.666586
0.413000	0.502471	10.950666	2.613041
0.413500	0.579691	10.963327	2.701892
0.414000	0.562771	10.925872	2.720013
0.414500	0.505536	10.845174	2.665437
0.415000	0.514749	10.773826	2.635985
0.415500	0.528519	10.745808	2.660410
0.416000	0.521530	10.639990	2.659724
0.416500	0.516000	10.565189	2.702016
0.417000	0.522554	10.648014	2.595717
0.417500	0.526929	10.516215	2.614779
0.418000	0.541309	10.460971	2.505229
0.418500	0.484263	10.445744	2.567783
0.419000	0.515736	10.323672	2.603250
0.419500	0.462046	10.357541	2.570003
0.420000	0.548404	10.295636	2.585562
0.420500	0.481674	10.214758	2.588211
0.421000	0.519438	10.226550	2.607261
0.421500	0.487042	10.155809	2.544494
0.422000	0.589607	9.963261	2.521829
0.422500	0.509936	9.978226	2.518778
0.423000	0.537238	9.977845	2.470565
0.423500	0.581195	9.885032	2.497622
0.424000	0.460386	9.945813	2.518998
0.424500	0.573939	9.780445	2.459267
0.425000	0.546395	9.858341	2.400652
0.425500	0.571472	9.768114	2.470500
0.426000	0.505913	9.597339	2.393372
0.426500	0.464739	9.610713	2.415750
0.427000	0.520291	9.570806	2.418778
0.427500	0.502322	9.471034	2.425498
0.428000	0.482593	9.452034	2.447201
0.428500	0.546840	9.409173	2.421040
0.429000	0.493638	9.405820	2.452754
0.429500	0.562494	9.389652	2.421827
0.430000	0.529709	9.235139	2.371108
0.430500	0.540240	9.232839	2.371323
0.431000	0.477930	9.142140	2.368265
0.431500	0.540050	9.091074	2.411782
0.432000	0.544419	9.010463	2.319501
0.432500	0.516602	8.942175	2.278594
0.433000	0.561657	8.969288	2.299509
0.433500	0.489483	8.896837	2.290708
0.434000	0.466905	8.776210	2.214726
0.434500	0.543368	8.808567	2.264865
0.435000	0.549062	8.760594	2.217695
0.435500	0.618813	8.800320	2.240643
0.436000	0.519538	8.671681	2.309281
0.436500	0.494114	8.590195	2.259658
0.437000	0.500243	8.525347	2.179739
0.437500	0.542982	8.522694	2.171287
0.438000	0.596200	8.414126	2.266882
0.438500	0.534816	8.388800	2.209719
0.439000	0.547100	8.334327	2.264761
0.439500	0.534334	8.315389	2.235466
0.440000	0.567049	8.299036	2.150082
0.440500	0.580058	8.233086	2.186533
0.441000	0.549481	8.122120	2.210720
0.441500	0.559017	8.101577	2.142933
0.442000	0.543675	8.017509	2.097955
0.442500	0.531976	8.033374	2.232560
0.443000	0.586716	7.889500	2.152752
0.443500	0.542224	7.858453	2.149608
0.444000	0.593006	7.863178	2.088296
0.444500	0.505726	7.862428	2.081682
0.445000	0.507698	7.758847	2.087665
0.445500	0.620071	7.686223	2.151674
0.446000	0.548168	7.631392	2.118532
0.446500	0.514625	7.554881	1.992314
0.447000	0.530069	7.536285	2.052532
0.447500	0.587863	7.496655	2.007273
0.448000	0.506405	7.456544	2.021907
0.448500	0.549601	7.350362	1.950688
0.449000	0.454835	7.291318	2.117715
0.449500	0.622861	7.353272	1.987704
0.450000	0.563643	7.311592	2.101003
0.450500	0.531656	7.151627	2.047002
0.451000	0.487433	7.249827	1.969233
0.451500	0.602957	7.037571	1.955686
0.452000	0.525792	7.054060	1.975726
0.452500	0.613948	7.068613	1.964521
0.453000	0.542002	6.923013	1.904565
0.453500	0.591348	6.957100	1.854070
0.454000	0.457153	6.860904	1.847884
0.454500	0.607581	6.794928	1.863720
0.455000	0.496731	6.668356	1.922247
0.455500	0.558517	6.633211	1.894183
0.456000	0.610053	6.605032	1.932487
0.456500	0.605692	6.578088	1.833801
0.457000	0.514387	6.546553	1.825017
0.457500	0.571241	6.484134	1.898534
0.458000	0.620358	6.472428	1.797734
0.458500	0.590639	6.316807	1.819010
0.459000	0.530585	6.326871	1.840534
0.459500	0.553076	6.245812	1.843844
0.460000	0.491041	6.249588	1.795123
0.460500	0.521612	6.193871	1.774144
0.461000	0.578363	6.157647	1.866923
0.461500	0.623806	6.035770	1.829266
0.462000	0.520154	6.071598	1.744559
0.462500	0.603410	5.998183	1.755198
0.463000	0.595626	5.889820	1.721377
0.463500	0.628589	5.837630	1.820320
0.464000	0.598163	5.840145	1.743162
0.464500	0.550001	5.812791	1.748355
0.465000	0.620448	5.774304	1.757122
0.465500	0.602047	5.679656	1.776093
0.466000	0.642768	5.575982	1.708891
0.466500	0.579097	5.582264	1.638718
0.467000	0.561114	5.491131	1.664755
0.467500	0.627743	5.531915	1.696460
0.468000	0.483948	5.477225	1.638999
0.468500	0.592236	5.314590	1.667230
0.469000	0.559315	5.399210	1.654350
0.469500	0.631908	5.207399	1.596187
0.470000	0.550907	5.212204	1.610456
0.470500	0.564156	5.191232	1.650003
0.471000	0.578938	5.175418	1.634679
0.471500	0.621050	5.062229	1.575982
0.472000	0.612042	5.038087	1.513524
0.472500	0.570794	4.912247	1.650658
0.473000	0.546504	4.870147	1.575440
0.473500	0.568775	4.807885	1.562661
0.474000	0.594944	4.805886	1.597227
0.474500	0.567737	4.799237	1.483573
0.475000	0.553336	4.738407	1.510560
0.475500	0.587131	4.660131	1.496145
0.476000	0.586342	4.642618	1.505564
0.476500	0.554530	4.504914	1.452629
0.477000	0.509211	4.506130	1.490899
0.477500	0.555445	4.424668	1.471661
0.478000	0.543326	4.390315	1.432167
0.478500	0.604506	4.396978	1.456303
0.479000	0.635937	4.278291	1.386130
0.479500	0.593564	4.264829	1.367024
0.480000	0.560644	4.271026	1.396508
0.480500	0.532657	4.185580	1.422205
0.481000	0.546521	4.117217	1.317505
0.481500	0.561474	4.009561	1.314274
0.482000	0.648664	4.041975	1.313812
0.482500	0.490762	3.930734	1.310675
0.483000	0.668671	3.907110	1.323170
0.483500	0.553117	3.833334	1.251216
0.484000	0.587389	3.740577	1.311391
0.484500	0.530808	3.759984	1.318943
0.485000	0.545565	3.782575	1.271738
0.485500	0.621775	3.623996	1.336332
0.486000	0.590193	3.580684	1.282579
0.486500	0.606334	3.602201	1.264153
0.487000	0.529374	3.548158	1.247182
0.487500	0.594217	3.546481	1.201330
0.488000	0.541132	3.463992	1.248161
0.488500	0.605539	3.340846	1.183154
0.489000	0.575531	3.351862	1.215774
0.489500	0.577844	3.222654	1.229426
0.490000	0.621517	3.212771	1.160026
0.490500	0.646262	3.159295	1.236914
0.491000	0.588504	3.068599	1.143144
0.491500	0.603439	3.043697	1.148282
0.492000	0.559467	3.012663	1.126767
0.492500	0.572406	2.936718	1.105553
0.493000	0.528435	2.928174	1.127443
0.493500	0.605135	2.882311	1.022260
0.494000	0.550425	2.793267	1.145720
0.494500	0.518385	2.753826	1.166211
0.495000	0.615261	2.632920	1.051224
0.495500	0.549564	2.648190	1.095419
0.496000	0.573498	2.652671	1.066854
0.496500	0.634808	2.618548	1.007112
0.497000	0.649319	2.434073	1.057599
0.497500	0.620431	2.413514	1.033640
0.498000	0.599150	2.421720	1.007160
0.498500	0.681907	2.352762	0.991423
0.499000	0.686083	2.327574	0.965549
0.499500	0.577215	2.254736	1.083755
