BatSpeed (mph)
52.4
51.8
53.5
54.5
52.5
52.3
53
53.6
53.8
48.6
52.9
53.6
51.9
53.9
54.1
50.9
52.7
54.5
53.6
50.7
53.7
53
49.9
52
51.8
52.4
49.7
50.2
49.3
51.8
46.3
50.8
53.6
53.7
51.2
53
51
53.8
51.9
51.7
51.3
51.6
51.5
51.3
50.1
49.3
50
47.8
52.5
51.2
53.4
50.9
52.6
52.6
54.2
52.2
53.4
52.5
51.8
46.5
54.1
52.2
50.7
53.2
53.9
55.5
51.8
57.8
54
55.1
55.2
57.6
56.8
54.6
50.4
49.4
47.8
49.5
45.5
52.5
57.7
55.5
58.2
57.8
54.8
55.4
55.4
54.5
55.7
52.9
49.4
52
54.1
53.9
54.3
54.3
48.7
52.4
51.9
51.1
52.9
52.5
51
51.7
51.1
54
50.2
53.8
51.7
51.2
49.4
52.2
51.4
51.5
54.6
48.8
47.1
49.6
54.7
50.9
52.3
53.2
52.8
49.5
47
53
54
51.5
53.3
55.4
52
52
50.8
51.8
51.3
53.1
50.5
53.9
38.6
52
50.8
51.4
53
54.3
50.1
51.8
47.4
45.4
46.7
47.5
47.5
45.9
48.3
47.7
47.2
47.3
47.9
46.9
46.5
47.9
44.5
41.7
46.4
43.5
43.5
46.8
40.2
44.5
46.4
43
44.9
47.1
44.4
45.3
45.1
43.2
46.8
44.8
46.7
46.4
44.1
44.4
43.9
47.8
43.5
44.5
45.1
46.5
45.3
43.3
43.1
47.4
45.2
46.2
48.2
47.3
46.1
50.4
46.6
39.8
47.3
47.1
46.2
46.9
44
47.8
47
48.2
47
43.9
48.9
47.4
47.8
47.4
48.1
42.9
46.4
45
43.4
42.7
43.2
42.3
47
49.1
46.3
49
49.9
50.4
47.7
47.3
49
46.1
46.9
50.6
48.5
46.5
46.5
47.3
49.4
47.2
47.3
49.4
49.7
49.5
46.9
47.5
44
44.6
49.1
45.6
46.7
46.6
44
45
47.4
48.5
32.6
40
41.9
38.6
47
47.3
44.6
51.9
47.2
46.8
47.9
48.8
49.4
47.9
47.1
49.1
47.2
46.4
43.5
49.3
45
47.8
46.7
46.9